20130701.000000
20130701.001000
20130701.002000
20130701.003000
20130701.004000
20130701.005000
20130701.010000
20130701.011000
20130701.012000
20130701.013000
20130701.014000
20130701.015000
20130701.020000
20130701.021000
20130701.022000
20130701.023000
20130701.024000
20130701.025000
20130701.030000
20130701.031000
20130701.032000
20130701.033000
20130701.034000
20130701.035000
20130701.040000
20130701.041000
20130701.042000
20130701.043000
20130701.044000
20130701.045000
20130701.050000
20130701.051000
20130701.052000
20130701.053000
20130701.054000
20130701.055000
20130701.060000
20130701.061000
20130701.062000
20130701.063000
20130701.064000
20130701.065000
20130701.070000
20130701.071000
20130701.072000
20130701.073000
20130701.074000
20130701.075000
20130701.080000
20130701.081000
20130701.082000
20130701.083000
20130701.084000
20130701.085000
20130701.090000
20130701.091000
20130701.092000
20130701.093000
20130701.094000
20130701.095000
20130701.100000
20130701.101000
20130701.102000
20130701.103000
20130701.104000
20130701.105000
20130701.110000
20130701.111000
20130701.112000
20130701.113000
20130701.114000
20130701.115000
20130701.120000
20130701.121000
20130701.122000
20130701.123000
20130701.124000
20130701.125000
20130701.130000
20130701.131000
20130701.132000
20130701.133000
20130701.134000
20130701.135000
20130701.140000
20130701.141000
20130701.142000
20130701.143000
20130701.144000
20130701.145000
20130701.150000
20130701.151000
20130701.152000
20130701.153000
20130701.154000
20130701.155000
20130701.160000
20130701.161000
20130701.162000
20130701.163000
20130701.164000
20130701.165000
20130701.170000
20130701.171000
20130701.172000
20130701.173000
20130701.174000
20130701.175000
20130701.180000
20130701.181000
20130701.182000
20130701.183000
20130701.184000
20130701.185000
20130701.190000
20130701.191000
20130701.192000
20130701.193000
20130701.194000
20130701.195000
20130701.200000
20130701.201000
20130701.202000
20130701.203000
20130701.204000
20130701.205000
20130701.210000
20130701.211000
20130701.212000
20130701.213000
20130701.214000
20130701.215000
20130701.220000
20130701.221000
20130701.222000
20130701.223000
20130701.224000
20130701.225000
20130701.230000
20130701.231000
20130701.232000
20130701.233000
20130701.234000
20130701.235000
20130702.000000
20130702.001000
20130702.002000
20130702.003000
20130702.004000
20130702.005000
20130702.010000
20130702.011000
20130702.012000
20130702.013000
20130702.014000
20130702.015000
20130702.020000
20130702.021000
20130702.022000
20130702.023000
20130702.024000
20130702.025000
20130702.030000
20130702.031000
20130702.032000
20130702.033000
20130702.034000
20130702.035000
20130702.040000
20130702.041000
20130702.042000
20130702.043000
20130702.044000
20130702.045000
20130702.050000
20130702.051000
20130702.052000
20130702.053000
20130702.054000
20130702.055000
20130702.060000
20130702.061000
20130702.062000
20130702.063000
20130702.064000
20130702.065000
20130702.070000
20130702.071000
20130702.072000
20130702.073000
20130702.074000
20130702.075000
20130702.080000
20130702.081000
20130702.082000
20130702.083000
20130702.084000
20130702.085000
20130702.090000
20130702.091000
20130702.092000
20130702.093000
20130702.094000
20130702.095000
20130702.100000
20130702.101000
20130702.102000
20130702.103000
20130702.104000
20130702.105000
20130702.110000
20130702.111000
20130702.112000
20130702.113000
20130702.114000
20130702.115000
20130702.120000
20130702.121000
20130702.122000
20130702.123000
20130702.124000
20130702.125000
20130702.130000
20130702.131000
20130702.132000
20130702.133000
20130702.134000
20130702.135000
20130702.140000
20130702.141000
20130702.142000
20130702.143000
20130702.144000
20130702.145000
20130702.150000
20130702.151000
20130702.152000
20130702.153000
20130702.154000
20130702.155000
20130702.160000
20130702.161000
20130702.162000
20130702.163000
20130702.164000
20130702.165000
20130702.170000
20130702.171000
20130702.172000
20130702.173000
20130702.174000
20130702.175000
20130702.180000
20130702.181000
20130702.182000
20130702.183000
20130702.184000
20130702.185000
20130702.190000
20130702.191000
20130702.192000
20130702.193000
20130702.194000
20130702.195000
20130702.200000
20130702.201000
20130702.202000
20130702.203000
20130702.204000
20130702.205000
20130702.210000
20130702.211000
20130702.212000
20130702.213000
20130702.214000
20130702.215000
20130702.220000
20130702.221000
20130702.222000
20130702.223000
20130702.224000
20130702.225000
20130702.230000
20130702.231000
20130702.232000
20130702.233000
20130702.234000
20130702.235000
20130703.000000
20130703.001000
20130703.002000
20130703.003000
20130703.004000
20130703.005000
20130703.010000
20130703.011000
20130703.012000
20130703.013000
20130703.014000
20130703.015000
20130703.020000
20130703.021000
20130703.022000
20130703.023000
20130703.024000
20130703.025000
20130703.030000
20130703.031000
20130703.032000
20130703.033000
20130703.034000
20130703.035000
20130703.040000
20130703.041000
20130703.042000
20130703.043000
20130703.044000
20130703.045000
20130703.050000
20130703.051000
20130703.052000
20130703.053000
20130703.054000
20130703.055000
20130703.060000
20130703.061000
20130703.062000
20130703.063000
20130703.064000
20130703.065000
20130703.070000
20130703.071000
20130703.072000
20130703.073000
20130703.074000
20130703.075000
20130703.080000
20130703.081000
20130703.082000
20130703.083000
20130703.084000
20130703.085000
20130703.090000
20130703.091000
20130703.092000
20130703.093000
20130703.094000
20130703.095000
20130703.100000
20130703.101000
20130703.102000
20130703.103000
20130703.104000
20130703.105000
20130703.110000
20130703.111000
20130703.112000
20130703.113000
20130703.114000
20130703.115000
20130703.120000
20130703.121000
20130703.122000
20130703.123000
20130703.124000
20130703.125000
20130703.130000
20130703.131000
20130703.132000
20130703.133000
20130703.134000
20130703.135000
20130703.140000
20130703.141000
20130703.142000
20130703.143000
20130703.144000
20130703.145000
20130703.150000
20130703.151000
20130703.152000
20130703.153000
20130703.154000
20130703.155000
20130703.160000
20130703.161000
20130703.162000
20130703.163000
20130703.164000
20130703.165000
20130703.170000
20130703.171000
20130703.172000
20130703.173000
20130703.174000
20130703.175000
20130703.180000
20130703.181000
20130703.182000
20130703.183000
20130703.184000
20130703.185000
20130703.190000
20130703.191000
20130703.192000
20130703.193000
20130703.194000
20130703.195000
20130703.200000
20130703.201000
20130703.202000
20130703.203000
20130703.204000
20130703.205000
20130703.210000
20130703.211000
20130703.212000
20130703.213000
20130703.214000
20130703.215000
20130703.220000
20130703.221000
20130703.222000
20130703.223000
20130703.224000
20130703.225000
20130703.230000
20130703.231000
20130703.232000
20130703.233000
20130703.234000
20130703.235000
20130704.000000
